l 100 20
# 0 -2 100 1
p 1 10

# 1 16 8 4
# 24 15 1 1
# 31 15 1 1 
# 8 15 1 1
# 1 15 1 1
e 26 14
# 24 16 8 4

m 12 9 6 1 1.5 0.15 0 1
rw 9 19 15 1

/////////////////////////////////////////////////////////

# 36 18 14 2
# 46 16 2 2 
rl 48 17 3 1
# 66 18 14 2 
rl 65 17 3 1
# 68 16 2 2 
m 54 15 8 1 4 0 0.15 1
m 54 14 1 1 4 0 0.15 1
m 61 14 1 1 4 0 0.15 1
rl 50 18 16 2
rw 80 19 19 1

# 80 17 1 1
# 82 16 1 1
e 82 14 
# 84 15 1 1
# 86 14 1 1
e 86 12 
# 88 13 1 1
# 90 12 1 1
e 90 10 
# 92 11 1 1

# 95 6 4 1
f 97 4
e 96 4



/l 44 24
/# 1 -1 42 2
/# 1 22 36 2

/r 1 24 42 2
/f 10 20
/p 2 18
/e 32 20